"species","x","y","bio14","bio15","bio17","bio18","bio19","bio2","bio3","bio9","slope","aspect"
"species",1,1,1,131.470306396484,19,723,25,11.6499996185303,42.2101440429688,17.1499996185303,4.1744236946106,188.870010375977
"species",2,2,1,131.331176757812,19,724,25,11.6166667938232,42.2424201965332,17.1499996185303,2.57982802391052,154.568359375
"species",3,3,3,127.388618469238,46,795,66,11.9750003814697,40.7312927246094,17.3666667938232,0.0930308178067207,237.083694458008
"species",4,4,3,125.797676086426,42,704,61,12.1999998092651,41.0774421691895,17.25,0.0631005465984344,241.834716796875
"species",5,5,1,132.384613037109,18,703,23,12.4416666030884,43.0507507324219,17.5166664123535,0.203744947910309,202.344284057617
"species",6,6,6,121.465026855469,54,913,77,10.9499998092651,39.3884887695312,16.7666664123535,4.83179759979248,200.288635253906
"species",7,7,6,121.603073120117,54,921,77,10.8833332061768,39.148681640625,16.8666667938232,4.39055109024048,223.082061767578
"species",8,8,5,122.342819213867,53,912,76,10.9583330154419,39.136905670166,17.0833339691162,3.53877472877502,226.058746337891
"species",9,9,7,125.202651977539,59,334,82,11.7000007629395,40.625,16.8999996185303,6.19706201553345,215.711624145508
"species",10,10,6,125.445877075195,57,314,80,11.8416662216187,40.6930122375488,17.1000003814697,5.16579484939575,217.626129150391
"species",11,11,6,122.407051086426,53,313,74,12,40.6779670715332,17.283332824707,0.786444962024689,207.534973144531
"species",12,12,6,122.552322387695,54,322,76,11.8666667938232,40.6392707824707,17.1833324432373,1.2706550359726,205.736862182617
"species",13,13,6,123.510009765625,50,805,70,11.8333330154419,40.2494316101074,17.2000007629395,0.660705864429474,174.606185913086
"species",14,14,6,123.487342834473,50,805,70,11.841667175293,40.141242980957,17.2333335876465,0.556942343711853,154.314010620117
"species",15,15,6,123.205612182617,50,809,71,11.8083333969116,40.1643981933594,17.216667175293,0.606573045253754,143.468536376953
"species",16,16,3,127.931663513184,28,978,32,11.6916666030884,43.9536361694336,18.033332824707,3.59382605552673,170.847412109375
"species",17,17,3,127.790794372559,28,964,32,12.0583324432373,44.4956932067871,18.0833320617676,0.321376532316208,226.360061645508
"species",18,18,3,128.513290405273,28,972,32,11.8833341598511,44.1759605407715,17.9833335876465,0.613899171352386,221.691879272461
"species",19,19,2,126.87890625,30,938,37,11.216667175293,43.1410255432129,16.8000011444092,3.00873208045959,0.203844860196114
"species",20,20,2,131.3916015625,25,959,28,12.0249996185303,44.0476188659668,17.9166660308838,0.411165326833725,176.587005615234
"species",21,21,2,131.324096679688,25,963,28,11.9416666030884,43.9031867980957,17.9166660308838,0.367795288562775,171.180770874023
"species",22,22,2,131.067413330078,25,951,28,12.0666666030884,43.8787879943848,17.8166656494141,0.258852571249008,163.400665283203
"species",23,23,1,131.779312133789,20,817,25,12.1083335876465,43.5551528930664,17.6666660308838,0.406434655189514,176.762084960938
"species",24,24,1,131.537017822266,20,829,25,11.841667175293,43.3760681152344,17.6333332061768,0.903053402900696,113.752311706543
"species",25,25,1,131.943649291992,20,818,24,12.1666660308838,43.7649841308594,17.6833343505859,0.299933731555939,181.931259155273
"species",26,26,1,131.997985839844,20,828,24,12.0583333969116,43.6896171569824,17.6833324432373,0.402127891778946,102.618324279785
"species",27,27,2,132.712142944336,27,762,35,12.2499990463257,42.0962181091309,16.3500003814697,0.706322610378265,26.9013576507568
